[[ 0.        ,  0.        ,  0.        ,  0.        ],
 [21.09588671, 21.39921682, 21.41340795, 21.45134028],
 [21.09400007, 21.39905954, 21.41356519, 21.45149755],
 [21.09462895, 21.39764408, 21.41262176, 21.45039669],
 [21.09462895, 21.39843045, 21.41120662, 21.45165482],
 [21.09462895, 21.39843045, 21.41215005, 21.45055395],
 [21.09478617, 21.39827317, 21.41246452, 21.44913856],
 [21.09337119, 21.40000318, 21.41293624, 21.44976762],
 [21.09352841, 21.39984591, 21.41167833, 21.45055395],
 [21.09352841, 21.40016046, 21.41262176, 21.45071122],
 [21.09368563, 21.40016046, 21.4140369 , 21.45259841],
 [21.09368563, 21.40094683, 21.41183557, 21.45055395],
 [21.09305675, 21.40204774, 21.41356519, 21.45196935],
 [21.09368563, 21.40236229, 21.41482309, 21.45275568],
 [21.09289953, 21.40362048, 21.41545204, 21.45322748],
 [21.09431451, 21.40566504, 21.41623823, 21.45196935],
 [21.09714447, 21.40582232, 21.41796784, 21.45291295],
 [21.09447173, 21.4287844 , 21.41843956, 21.45417108],
 [21.09855945, 21.58826544, 21.42158432, 21.45590101],
 [21.10154663, 21.91794814, 21.42425736, 21.45794547],
 [21.10484826, 22.3233354 , 21.42677317, 21.46077627],
 [21.10940765, 22.75237609, 21.42866003, 21.46156261],
 [21.11255207, 23.17974439, 21.43149033, 21.46171987],
 [21.11553926, 23.58560928, 21.43164757, 21.46392161],
 [21.11774036, 23.96461074, 21.43432062, 21.46612335],
 [21.12277143, 24.31059968, 21.43321995, 21.46722422],
 [21.12371476, 24.62592672, 21.43557853, 21.46816782],
 [21.12780252, 24.91168476, 21.43557853, 21.47084136],
 [21.13047529, 25.16581872, 21.43888055, 21.4716277 ],
 [21.13566361, 25.39446239, 21.44061018, 21.47225676],
 [21.14069471, 25.60028743, 21.44092465, 21.47335764],
 [21.14509694, 25.78139943, 21.44469839, 21.47571665],
 [21.1504425 , 25.94425166, 21.4439122 , 21.47776112],
 [21.15374418, 26.0908889 , 21.4467425 , 21.478862  ],
 [21.15908976, 26.22146639, 21.44721422, 21.48090648],
 [21.16317757, 26.33519452, 21.44862937, 21.48326549],
 [21.16726538, 26.4137985 , 21.44973005, 21.4837373 ],
 [21.17056707, 26.46105635, 21.45004453, 21.48499544],
 [21.17544101, 26.4816925 , 21.45256036, 21.48688266],
 [21.17874271, 26.48437048, 21.45208864, 21.48751173],
 [21.18204442, 26.4659397 , 21.4527176 , 21.48876987],
 [21.18628948, 26.43396176, 21.45444724, 21.48924168],
 [21.1877045 , 26.39158756, 21.4550762 , 21.49049982]]